VARIABLES = "'X'"
 "'Y'"
 "'Scalar'"
ZONE
DT=(DOUBLE,DOUBLE,DOUBLE)
                    0.5                       0        1.47940052863274 
                    0.5      0.0204081632653061        1.47919250829558 
                    0.5      0.0408163265306122        1.47856749420584 
                    0.5      0.0612244897959184        1.47752703546986 
                    0.5      0.0816326530612245        1.47607053618505 
                    0.5       0.102040816326531        1.47419906759043 
                    0.5       0.122448979591837         1.4719129957968 
                    0.5       0.142857142857143        1.46921396979009 
                    0.5       0.163265306122449        1.46610249338739 
                    0.5       0.183673469387755        1.46257998412744 
                    0.5       0.204081632653061         1.4586479714438 
                    0.5       0.224489795918367        1.45430852226657 
                    0.5       0.244897959183673         1.4495625140245 
                    0.5        0.26530612244898        1.44441294968508 
                    0.5       0.285714285714286        1.43886102901056 
                    0.5       0.306122448979592         1.4329099609967 
                    0.5       0.326530612244898          1.426561485666 
                    0.5       0.346938775510204        1.41981853804338 
                    0.5        0.36734693877551         1.4126839672121 
                    0.5       0.387755102040816        1.40516103385998 
                    0.5       0.408163265306122        1.39725199366348 
                    0.5       0.428571428571429        1.38896095975209 
                    0.5       0.448979591836735        1.38029099575847 
                    0.5       0.469387755102041        1.37124601301785 
                    0.5       0.489795918367347        1.36182952039319 
                    0.5       0.510204081632653        1.35204548709357 
                    0.5       0.530612244897959         1.3418979393545 
                    0.5       0.551020408163265        1.33139151347611 
                    0.5       0.571428571428571        1.32053008362576 
                    0.5       0.591836734693878        1.30931793471156 
                    0.5       0.612244897959184        1.29776050312357 
                    0.5        0.63265306122449        1.28586201469468 
                    0.5       0.653061224489796        1.27362800128356 
                    0.5       0.673469387755102        1.26106301524323 
                    0.5       0.693877551020408        1.24817255157088 
                    0.5       0.714285714285714        1.23496197140255 
                    0.5        0.73469387755102         1.2214365184628 
                    0.5       0.755102040816326        1.20760199417986 
                    0.5       0.775510204081633        1.19346452206588 
                    0.5       0.795918367346939        1.17902956407475 
                    0.5       0.816326530612245        1.16430293495066 
                    0.5       0.836734693877551        1.14929154184798 
                    0.5       0.857142857142857        1.13400054429055 
                    0.5       0.877551020408163        1.11843754074312 
                    0.5       0.897959183673469        1.10260796991566 
                    0.5       0.918367346938776        1.08651899943247 
                    0.5       0.938775510204082        1.07017694739694 
                    0.5       0.959183673469388        1.05358901529337 
                    0.5       0.979591836734694        1.03676197051891 
                    0.5                       1        1.01970304366334 
