VARIABLES = "'X'"
 "'Y'"
 "'Scalar'"
ZONE
DT=(DOUBLE,DOUBLE,DOUBLE)
                    0.5                       0        1.47940052863274 
                    0.5      0.0204081632653061        1.47919250829578 
                    0.5      0.0408163265306122        1.47856850748457 
                    0.5      0.0612244897959184        1.47752798914418 
                    0.5      0.0816326530612245         1.4760714898594 
                    0.5       0.102040816326531        1.47420049810176 
                    0.5       0.122448979591837        1.47191502235403 
                    0.5       0.142857142857143        1.46921599634801 
                    0.5       0.163265306122449        1.46610451994531 
                    0.5       0.183673469387755        1.46258201068536 
                    0.5       0.204081632653061        1.45865047483818 
                    0.5       0.224489795918367        1.45431102566242 
                    0.5       0.244897959183673        1.44956555386023 
                    0.5        0.26530612244898        1.44441551268478 
                    0.5       0.285714285714286        1.43886400924254 
                    0.5       0.306122448979592        1.43291294122911 
                    0.5       0.326530612244898        1.42656452550294 
                    0.5       0.346938775510204         1.4198219951132 
                    0.5        0.36734693877551        1.41268748388467 
                    0.5       0.387755102040816        1.40516401409237 
                    0.5       0.408163265306122        1.39725551033558 
                    0.5       0.428571428571429           1.38896453603 
                    0.5       0.448979591836735        1.38029451243173 
                    0.5       0.469387755102041         1.3712495296911 
                    0.5       0.489795918367347        1.36183297746336 
                    0.5       0.510204081632653        1.35204900376839 
                    0.5       0.530612244897959        1.34190145602581 
                    0.5       0.551020408163265        1.33139449370835 
                    0.5       0.571428571428571        1.32053306385799 
                    0.5       0.591836734693878        1.30932103415284 
                    0.5       0.612244897959184        1.29776348335584 
                    0.5        0.63265306122449        1.28586553136647 
                    0.5       0.653061224489796        1.27363098151579 
                    0.5       0.673469387755102        1.26106599547547 
                    0.5       0.693877551020408        1.24817553180312 
                    0.5       0.714285714285714        1.23496447479694 
                    0.5        0.73469387755102        1.22143902185858 
                    0.5       0.755102040816326        1.20760449757424 
                    0.5       0.775510204081633        1.19346702546134 
                    0.5       0.795918367346939         1.1790315310291 
                    0.5       0.816326530612245        1.16430496150766 
                    0.5       0.836734693877551        1.14929297236068 
                    0.5       0.857142857142857        1.13400257084648 
                    0.5       0.877551020408163        1.11843897125527 
                    0.5       0.897959183673469        1.10260904279921 
                    0.5       0.918367346938776        1.08651995310691 
                    0.5       0.938775510204082        1.07017802027974 
                    0.5       0.959183673469388        1.05358955173491 
                    0.5       0.979591836734694         1.0367624473542 
                    0.5                       1        1.01970304366334 
